function M = rgblms
% RGBLMS - Helper function for LMSTOCIEXYZ and vice versa

M = [  0.313899   0.639496   0.046612; ...
       0.151644   0.748242   0.100047; ...
       0.017725   0.109473   0.872939 ];

