function lens = ac050015
% ZMX/AC050-015-A.ZMX - AC050-015-A POSITIVE VISIBLE ACHROMATS: Infinite 15

lens.fn = 'ac050015';
lens.name = 'AC050-015-A';
lens.diam = [ 5, 5, 5 ];
lens.glass = { @nbk7, @sf2 };
lens.curv = [ 0.0797448165869219, -0.19047619047619, -0.0829875518672199 ];
lens.tc = [ 2.7, 2.1 ];
lens.conj = [ inf, 13.51260332624];
lens.conjcurv = [ 0, 0];
