function lens = ac064015
% ZMX/AC064-015-A.ZMX - AC064-015-A POSITIVE VISIBLE ACHROMATS: Infinite 15

lens.fn = 'ac064015';
lens.name = 'AC064-015-A';
lens.diam = [ 6.35, 6.35, 6.35 ];
lens.glass = { @nbk7, @sf2 };
lens.curv = [ 0.113765642775882, -0.152671755725191, -0.0461254612546125 ];
lens.tc = [ 2.5, 1.5 ];
lens.conj = [ inf, 12.9690464424];
lens.conjcurv = [ 0, 0];
