function lens = ac060010
% ZMX/AC060-010-A.ZMX - AC060-010-A POSITIVE VISIBLE ACHROMATS: Infinite 10

lens.fn = 'ac060010';
lens.name = 'AC060-010-A';
lens.diam = [ 6, 6, 6 ];
lens.glass = { @nbak4, @sf5 };
lens.curv = [ 0.162074554294976, -0.216919739696312, -0.0509424350483953 ];
lens.tc = [ 2.5, 1.5 ];
lens.conj = [ inf, 7.813261291765];
lens.conjcurv = [ 0, 0];
