function lens = ac127019b
% ZMX/AC127-019-B.ZMX - AC127-019-B NEAR IR ACHROMATS: Infinite Conjugate 19

lens.fn = 'ac127019b';
lens.name = 'AC127-019-B';
lens.diam = [ 12.7, 12.7, 12.7 ];
lens.glass = { @nbaf10, @nsf6ht };
lens.curv = [ 0.0822368421052632, -0.0944287063267233, -0.0129198966408269 ];
lens.tc = [ 4.5, 1.5 ];
lens.conj = [ inf, 15.41830341874];
lens.conjcurv = [ 0, 0];
