function lens = ac127075
% ZMX/AC127-075-A.ZMX - AC127-075-A POSITIVE VISIBLE ACHROMATS: Infinite 75

lens.fn = 'ac127075';
lens.name = 'AC127-075-A';
lens.diam = [ 12.7, 12.7, 12.7 ];
lens.glass = { @nbk7, @sf2 };
lens.curv = [ 0.0242130750605327, -0.0294464075382803, -0.0072944780800934 ];
lens.tc = [ 2.5, 1.5 ];
lens.conj = [ inf, 72.8898194];
lens.conjcurv = [ 0, 0];
