function lens = ac127050
% ZMX/AC127-050-A.ZMX - AC127-050-A POSITIVE VISIBLE ACHROMATS: Infinite 50

lens.fn = 'ac127050';
lens.name = 'AC127-050-A';
lens.diam = [ 12.7, 12.7, 12.7 ];
lens.glass = { @nbk7, @sf2 };
lens.curv = [ 0.0365497076023392, -0.0443655723158829, -0.0108896874659697 ];
lens.tc = [ 3.5, 1.5 ];
lens.conj = [ inf, 47.21088792319];
lens.conjcurv = [ 0, 0];
