function lens = ac254100
% ZMX/AC254-100-A.ZMX - AC254-100-A POSITIVE VISIBLE ACHROMATS: Infinite 100

lens.fn = 'ac254100';
lens.name = 'AC254-100-A';
lens.diam = [ 25.4, 25.4, 25.4 ];
lens.glass = { @nbk7, @sf5 };
lens.curv = [ 0.0159362549800797, -0.0218770509735288, -0.0077984870935039 ];
lens.tc = [ 4, 2.5 ];
lens.conj = [ inf, 97.06800996493];
lens.conjcurv = [ 0, 0];
