function lens = ac508250
% ZMX/AC508-250-A.ZMX - AC508-250-A POSITIVE VISIBLE ACHROMATS: Infinite 250

lens.fn = 'ac508250';
lens.name = 'AC508-250-A';
lens.diam = [ 50.8, 50.8, 50.8 ];
lens.glass = { @nbk7, @sf2 };
lens.curv = [ 0.0072944780800934, -0.00895335303071, -0.0021777003484321 ];
lens.tc = [ 7.5, 2 ];
lens.conj = [ inf, 244.6761904927];
lens.conjcurv = [ 0, 0];
