function lens = ac508300
% ZMX/AC508-300-A.ZMX - AC508-300-A POSITIVE VISIBLE ACHROMATS: Infinite 300

lens.fn = 'ac508300';
lens.name = 'AC508-300-A';
lens.diam = [ 50.8, 50.8, 50.8 ];
lens.glass = { @nbk7, @sf2 };
lens.curv = [ 0.0061919504643963, -0.0074626865671642, -0.0017217630853994 ];
lens.tc = [ 6, 2 ];
lens.conj = [ inf, 295.5169843877];
lens.conjcurv = [ 0, 0];
