function lens = ac508100
% ZMX/AC508-100-A.ZMX - AC508-100-A POSITIVE VISIBLE ACHROMATS: Infinite 100

lens.fn = 'ac508100';
lens.name = 'AC508-100-A';
lens.diam = [ 50.8, 50.8, 50.8 ];
lens.glass = { @nbaf10, @sf10 };
lens.curv = [ 0.0140607424071991, -0.0226398007697532, -0.0027540622418067 ];
lens.tc = [ 16, 4 ];
lens.conj = [ inf, 88.50865625544];
lens.conjcurv = [ 0, 0];
