function lens = ac508150
% ZMX/AC508-150-A.ZMX - AC508-150-A POSITIVE VISIBLE ACHROMATS: Infinite 150

lens.fn = 'ac508150';
lens.name = 'AC508-150-A';
lens.diam = [ 50.8, 50.8, 50.8 ];
lens.glass = { @nbk7, @sf5 };
lens.curv = [ 0.0120221207020918, -0.0138657792567942, -0.0040371417036738 ];
lens.tc = [ 12, 3 ];
lens.conj = [ inf, 140.1343630156];
lens.conjcurv = [ 0, 0];
