function lens = ac508750
% ZMX/AC508-750-A.ZMX - AC508-750-A POSITIVE VISIBLE ACHROMATS: Infinite 750

lens.fn = 'ac508750';
lens.name = 'AC508-750-A';
lens.diam = [ 50.8, 50.8, 50.8 ];
lens.glass = { @nbk7, @sf2 };
lens.curv = [ 0.0023934897079943, -0.0029761904761905, -0.0007515971439309 ];
lens.tc = [ 4.5, 2 ];
lens.conj = [ inf, 746.6560384407];
lens.conjcurv = [ 0, 0];
