function lens = acn127025
% ZMX/ACN127-025-A.ZMX - ACN127-025-A NEGATIVE VISIBLE ACHROMATS: Infinite-25

lens.fn = 'acn127025';
lens.name = 'ACN127-025-A';
lens.diam = [ 12.7, 12.7, 12.7 ];
lens.glass = { @nbaf10, @nsf6ht };
lens.curv = [ -0.0590318772136954, 0.0606796116504854, 0.0102333196889071 ];
lens.tc = [ 1.5, 2.5 ];
lens.conj = [ inf, -26.88204575541];
lens.conjcurv = [ 0, 0];
