function lens = acn127030
% ZMX/ACN127-030-A.ZMX - ACN127-030-A NEGATIVE VISIBLE ACHROMATS: Infinite-30

lens.fn = 'acn127030';
lens.name = 'ACN127-030-A';
lens.diam = [ 12.7, 12.7, 12.7 ];
lens.glass = { @nbak4, @sf5 };
lens.curv = [ -0.0618046971569839, 0.0606796116504854, 0.006485084306096 ];
lens.tc = [ 1.5, 2.3 ];
lens.conj = [ inf, -32.11256879939];
lens.conjcurv = [ 0, 0];
