function lens = acn254050b
% ZMX/ACN254-050-B.ZMX - ACN254-050-B NEAR IR NEGATIVE ACHROMATS: Infinite -50

lens.fn = 'acn254050b';
lens.name = 'ACN254-050-B';
lens.diam = [ 25.4, 25.4, 25.4 ];
lens.glass = { @nbaf10, @nsf6ht };
lens.curv = [ -0.0369685767097967, 0.0294898260100265, -0.0007515971439309 ];
lens.tc = [ 2, 4 ];
lens.conj = [ inf, -53.67132658286];
lens.conjcurv = [ 0, 0];
