function lens = lb1056
% ZMX/LB1056-A.ZMX - LB1056 Bi-Convex - N-BK7

lens.fn = 'lb1056';
lens.name = 'LB1056-A';
lens.diam = [ 25.4, 25.4 ];
lens.glass = { @nbk7 };
lens.curv = [ 0.0038896884359563, -0.0038896884359563 ];
lens.tc = [ 2.63 ];
lens.conj = [ inf, 247.228150511];
lens.conjcurv = [ 0, 0];
