function lens = lb1378
% ZMX/LB1378-A.ZMX - LB1378 Bi-Convex - N-BK7

lens.fn = 'lb1378';
lens.name = 'LB1378-A';
lens.diam = [ 12.7, 12.7 ];
lens.glass = { @nbk7 };
lens.curv = [ 0.0245579567779961, -0.0245579567779961 ];
lens.tc = [ 2.8 ];
lens.conj = [ inf, 37.97267981478];
lens.conjcurv = [ 0, 0];
