function lens = lb1471
% ZMX/LB1471-A.ZMX - LB1471 Bi-Convex - N-BK7

lens.fn = 'lb1471';
lens.name = 'LB1471-A';
lens.diam = [ 25.4, 25.4 ];
lens.glass = { @nbk7 };
lens.curv = [ 0.0197628458498024, -0.0197628458498024 ];
lens.tc = [ 5.24 ];
lens.conj = [ inf, 45.09469915196];
lens.conjcurv = [ 0, 0];
