function lens = lb1757
% ZMX/LB1757-A.ZMX - LB1757 Bi-Convex - N-BK7

lens.fn = 'lb1757';
lens.name = 'LB1757-A';
lens.diam = [ 25.4, 25.4 ];
lens.glass = { @nbk7 };
lens.curv = [ 0.0338753387533875, -0.0338753387533875 ];
lens.tc = [ 7.74 ];
lens.conj = [ inf, 21.97547013411];
lens.conjcurv = [ 0, 0];
