function lens = lb1889
% ZMX/LB1889-A.ZMX - LB1889 Bi-Convex - N-BK7

lens.fn = 'lb1889';
lens.name = 'LB1889-A';
lens.diam = [ 50.8, 50.8 ];
lens.glass = { @nbk7 };
lens.curv = [ 0.0038972680151214, -0.0038972680151214 ];
lens.tc = [ 5.52 ];
lens.conj = [ inf, 244.5692795088];
lens.conjcurv = [ 0, 0];
