function lens = lb1862
% ZMX/LB1862-A.ZMX - LB1862 Bi-Convex - N-BK7

lens.fn = 'lb1862';
lens.name = 'LB1862-A';
lens.diam = [ 50.8, 50.8 ];
lens.glass = { @nbk7 };
lens.curv = [ 0.0024314335732348, -0.0024314335732348 ];
lens.tc = [ 4.57 ];
lens.conj = [ inf, 394.934404013];
lens.conjcurv = [ 0, 0];
