function lens = lb1859
% ZMX/LB1859-A.ZMX - LB1859 Bi-Convex - N-BK7

lens.fn = 'lb1859';
lens.name = 'LB1859-A';
lens.diam = [ 50.8, 50.8 ];
lens.glass = { @nbk7 };
lens.curv = [ 0.0009713075742565, -0.0009713075742565 ];
lens.tc = [ 3.63 ];
lens.conj = [ inf, 992.8803022504];
lens.conjcurv = [ 0, 0];
