function lens = lb1904
% ZMX/LB1904-A.ZMX - LB1904 Bi-Convex - N-BK7

lens.fn = 'lb1904';
lens.name = 'LB1904-A';
lens.diam = [ 25.4, 25.4 ];
lens.glass = { @nbk7 };
lens.curv = [ 0.0077997036112628, -0.0077997036112628 ];
lens.tc = [ 3.26 ];
lens.conj = [ inf, 122.1217501356];
lens.conjcurv = [ 0, 0];
