function lens = lb1945
% ZMX/LB1945-A.ZMX - LB1945 Bi-Convex - N-BK7

lens.fn = 'lb1945';
lens.name = 'LB1945-A';
lens.diam = [ 25.4, 25.4 ];
lens.glass = { @nbk7 };
lens.curv = [ 0.0048649963512527, -0.0048649963512527 ];
lens.tc = [ 2.79 ];
lens.conj = [ inf, 197.2976231775];
lens.conjcurv = [ 0, 0];
