function lens = lb1909
% ZMX/LB1909-A.ZMX - LB1909 Bi-Convex - N-BK7

lens.fn = 'lb1909';
lens.name = 'LB1909-A';
lens.diam = [ 50.8, 50.8 ];
lens.glass = { @nbk7 };
lens.curv = [ 0.001944201419267, -0.001944201419267 ];
lens.tc = [ 4.26 ];
lens.conj = [ inf, 494.7845759571];
lens.conjcurv = [ 0, 0];
