function lens = lbf254075
% ZMX/LBF254-075-A.ZMX - LBF254-075 Best Form Lens - N-BK7

lens.fn = 'lbf254075';
lens.name = 'LBF254-075-A';
lens.diam = [ 25.4, 25.4 ];
lens.glass = { @nbk7 };
lens.curv = [ 0.0224719101123596, -0.0034602076124567 ];
lens.tc = [ 5 ];
lens.conj = [ inf, 70.78352013873];
lens.conjcurv = [ 0, 0];
