function lens = lbf254150
% ZMX/LBF254-150-A.ZMX - LBF254-150 Best Form Lens - N-BK7

lens.fn = 'lbf254150';
lens.name = 'LBF254-150-A';
lens.diam = [ 25.4, 25.4 ];
lens.glass = { @nbk7 };
lens.curv = [ 0.0111919418019026, -0.0017528791039282 ];
lens.tc = [ 4 ];
lens.conj = [ inf, 146.6073021444];
lens.conjcurv = [ 0, 0];
