function lens = ld1170
% ZMX/LD1170-A.ZMX - LD1170 Bi-Concave - N-BK7

lens.fn = 'ld1170';
lens.name = 'LD1170-A';
lens.diam = [ 25.4, 25.4 ];
lens.glass = { @nbk7 };
lens.curv = [ -0.0128452151573539, 0.0128452151573539 ];
lens.tc = [ 3.5 ];
lens.conj = [ inf, -73.84151953028];
lens.conjcurv = [ 0, 0];
