function lens = ld1357
% ZMX/LD1357-A.ZMX - LD1357 Bi-Concave - N-BK7

lens.fn = 'ld1357';
lens.name = 'LD1357-A';
lens.diam = [ 12.7, 12.7 ];
lens.glass = { @nbk7 };
lens.curv = [ -0.0191975427145325, 0.0191975427145325 ];
lens.tc = [ 3.5 ];
lens.conj = [ inf, -50.16040900456];
lens.conjcurv = [ 0, 0];
