function lens = ld1464
% ZMX/LD1464-A.ZMX - LD1464 Bi-Concave - N-BK7

lens.fn = 'ld1464';
lens.name = 'LD1464-A';
lens.diam = [ 25.4, 25.4 ];
lens.glass = { @nbk7 };
lens.curv = [ -0.0192270717169775, 0.0192270717169775 ];
lens.tc = [ 3 ];
lens.conj = [ inf, -47.81053454804];
lens.conjcurv = [ 0, 0];
