function lens = ld2297
% ZMX/LD2297-A.ZMX - LD2297 Bi-Concave - N-SF11

lens.fn = 'ld2297';
lens.name = 'LD2297-A';
lens.diam = [ 25.4, 25.4 ];
lens.glass = { @nsf11 };
lens.curv = [ -0.0252716704574172, 0.0252716704574172 ];
lens.tc = [ 3 ];
lens.conj = [ inf, -20.94499689284];
lens.conjcurv = [ 0, 0];
