function lens = ld2568b
% ZMX/LD2568-B.ZMX - LD2568 Bi-Concave - N-SF11

lens.fn = 'ld2568b';
lens.name = 'LD2568-B';
lens.diam = [ 9, 9 ];
lens.glass = { @nsf11 };
lens.curv = [ -0.0693000693000693, 0.0693000693000693 ];
lens.tc = [ 2 ];
lens.conj = [ inf, -7.871074228333];
lens.conjcurv = [ 0, 0];
