function lens = le1015b
% ZMX/LE1015-B.ZMX - LE1015 - Positive Meniscus - N-BK7

lens.fn = 'le1015b';
lens.name = 'LE1015-B';
lens.diam = [ 50.8, 50.8 ];
lens.glass = { @nbk7 };
lens.curv = [ 0.0153468385512584, 0.0058275058275058 ];
lens.tc = [ 6.18 ];
lens.conj = [ inf, 186.7778845355];
lens.conjcurv = [ 0, 0];
