function lens = le1929b
% ZMX/LE1929-B.ZMX - LE1929 - Positive Meniscus - N-BK7

lens.fn = 'le1929b';
lens.name = 'LE1929-B';
lens.diam = [ 25.4, 25.4 ];
lens.glass = { @nbk7 };
lens.curv = [ 0.0099117851124988, 0.003469812630118 ];
lens.tc = [ 2.52 ];
lens.conj = [ inf, 294.9968937123];
lens.conjcurv = [ 0, 0];
