function lens = lf1822
% ZMX/LF1822-A.ZMX - LE1418 - Positive Meniscus - N-BK7

lens.fn = 'lf1822';
lens.name = 'LF1822-A';
lens.diam = [ 50.8, 50.8 ];
lens.glass = { @nbk7 };
lens.curv = [ 0.0208899101733863, 0.0083808246731478 ];
lens.tc = [ 7.29 ];
lens.conj = [ inf, 133.2169478243];
lens.conjcurv = [ 0, 0];
