function lens = ac064013
% ZEMAX/THORLABS/ZMX/AC064-013-A.ZMX - AC064-013-A POSITIVE VISIBLE ACHROMATS: Infinite 12.7

lens.fn = 'ac064013';
lens.name = 'AC064-013-A';
lens.diam = [ 6.35, 6.35, 6.35 ];
lens.glass = { @nbak4, @sf5 };
lens.curv = [ 0.141242937853107, -0.168350168350168, -0.0247770069375619 ];
lens.tc = [ 2.5, 1.5 ];
lens.conj = [ inf, 10.28404543682];
lens.conjcurv = [ 0, 0];
