function lens = ac127019
% ZEMAX/THORLABS/ZMX/AC127-019-A.ZMX - AC127-019-A POSITIVE VISIBLE ACHROMATS: Infinite 19

lens.fn = 'ac127019';
lens.name = 'AC127-019-A';
lens.diam = [ 12.7, 12.7, 12.7 ];
lens.glass = { @nbaf10, @nsf6ht };
lens.curv = [ 0.0772797527047913, -0.0905797101449276, -0.0168747890651367 ];
lens.tc = [ 4.5, 1.5 ];
lens.conj = [ inf, 15.57795266503];
lens.conjcurv = [ 0, 0];
