function lens = ac127030
% ZMX/AC127-030-A.ZMX - AC127-030-A POSITIVE VISIBLE ACHROMATS: Infinite 30

lens.fn = 'ac127030';
lens.name = 'AC127-030-A';
lens.diam = [ 12.7, 12.7, 12.7 ];
lens.glass = { @nbk7, @sf2 };
lens.curv = [ 0.0559753708368318, -0.073909830007391, -0.0226398007697532 ];
lens.tc = [ 3.5, 1.5 ];
lens.conj = [ inf, 27.38428272896];
lens.conjcurv = [ 0, 0];
