function lens = ac254250b
% ZMX/AC254-250-B.ZMX - AC254-250-B NEAR IR ACHROMATS: Infinite Conjugate 250

lens.fn = 'ac254250b';
lens.name = 'AC254-250-B';
lens.diam = [ 25.4, 25.4, 25.4 ];
lens.glass = { @sf5, @nsf6ht };
lens.curv = [ 0.0192307692307692, -0.0153115908742918, 0.0089678055779751 ];
lens.tc = [ 4, 1.5 ];
lens.conj = [ inf, 237.4440875698];
lens.conjcurv = [ 0, 0];
