function lens = ac254300
% ZEMAX/THORLABS/ZMX/AC254-300-A.ZMX - AC254-300-A POSITIVE VISIBLE ACHROMATS: Infinite 300

lens.fn = 'ac254300';
lens.name = 'AC254-300-A';
lens.diam = [ 25.4, 25.4, 25.4 ];
lens.glass = { @nbk7, @sf2 };
lens.curv = [ 0.0060532687651332, -0.0072944780800934, -0.0017940437746681 ];
lens.tc = [ 4, 2 ];
lens.conj = [ inf, 297.0116502356];
lens.conjcurv = [ 0, 0];
