function lens = ac254035
% ZEMAX/THORLABS/ZMX/AC254-035-A.ZMX - AV254-035-A AV254-035-A POSITIVE VISIBLE ACHROMATS: Infinite 35

lens.fn = 'ac254035';
lens.name = 'AC254-035-A';
lens.diam = [ 25.4, 25.4, 25.4 ];
lens.glass = { @nbaf10, @nsf6ht };
lens.curv = [ 0.0416840350145894, -0.0523560209424084, -0.0097952786756783 ];
lens.tc = [ 12, 2 ];
lens.conj = [ inf, 26.92401660737];
lens.conjcurv = [ 0, 0];
