function lens = ac254045
% ZEMAX/THORLABS/ZMX/AC254-045-A.ZMX - AC254-045-A POSITIVE VISIBLE ACHROMATS: Infinite 45

lens.fn = 'ac254045';
lens.name = 'AC254-045-A';
lens.diam = [ 25.4, 25.4, 25.4 ];
lens.glass = { @nbaf10, @nsf6ht };
lens.curv = [ 0.0320102432778489, -0.038550501156515, -0.0076557954371459 ];
lens.tc = [ 7, 2 ];
lens.conj = [ inf, 39.91190888275];
lens.conjcurv = [ 0, 0];
