function lens = ac254250
% ZMX/AC254-250-A.ZMX - AC254-250-A POSITIVE VISIBLE ACHROMATS: Infinite 250

lens.fn = 'ac254250';
lens.name = 'AC254-250-A';
lens.diam = [ 25.4, 25.4, 25.4 ];
lens.glass = { @nbk7, @sf2 };
lens.curv = [ 0.0072944780800934, -0.0089678055779751, -0.0021777003484321 ];
lens.tc = [ 4, 2 ];
lens.conj = [ inf, 246.8207159027];
lens.conjcurv = [ 0, 0];
