function lens = ac254040
% ZMX/AC254-040-A.ZMX - AC254-040-A POSITIVE VISIBLE ACHROMATS: Infinite 40

lens.fn = 'ac254040';
lens.name = 'AC254-040-A';
lens.diam = [ 25.4, 25.4, 25.4 ];
lens.glass = { @nbk7, @sf5 };
lens.curv = [ 0.0422654268808115, -0.0497760079641613, -0.0173370319001387 ];
lens.tc = [ 10, 2.5 ];
lens.conj = [ inf, 32.75387196139];
lens.conjcurv = [ 0, 0];
