function lens = ac254075
% ZEMAX/THORLABS/ZMX/AC254-075-A.ZMX - AC254-075-A POSITIVE VISIBLE ACHROMATS: Infinite 75

lens.fn = 'ac254075';
lens.name = 'AC254-075-A';
lens.diam = [ 25.4, 25.4, 25.4 ];
lens.glass = { @nbk7, @sf5 };
lens.curv = [ 0.0214868929952729, -0.0294898260100265, -0.0104668201800293 ];
lens.tc = [ 7, 2.5 ];
lens.conj = [ inf, 70.16935013025];
lens.conjcurv = [ 0, 0];
