function lens = ac254060
% ZMX/AC254-060-A.ZMX - AC254-060-A POSITIVE VISIBLE ACHROMATS: Infinite 60

lens.fn = 'ac254060';
lens.name = 'AC254-060-A';
lens.diam = [ 25.4, 25.4, 25.4 ];
lens.glass = { @ebaf11, @fd10 };
lens.curv = [ 0.0239865675221876, -0.0386398763523957, -0.0043346337234504 ];
lens.tc = [ 8, 2.5 ];
lens.conj = [ inf, 54.15718169648];
lens.conjcurv = [ 0, 0];
