function lens = ac254150
% ZEMAX/THORLABS/ZMX/AC254-150-A.ZMX - AC254-150-A POSITIVE VISIBLE ACHROMATS: Infinite 150

lens.fn = 'ac254150';
lens.name = 'AC254-150-A';
lens.diam = [ 25.4, 25.4, 25.4 ];
lens.glass = { @nbk7, @sf5 };
lens.curv = [ 0.0109146474568871, -0.01499700059988, -0.0050581689428427 ];
lens.tc = [ 5.7, 2.2 ];
lens.conj = [ inf, 146.1521377083];
lens.conjcurv = [ 0, 0];
