function lens = ac508075
% ZMX/AC508-075-A.ZMX - AC508-075-A POSITIVE VISIBLE ACHROMATS: Infinite 75

lens.fn = 'ac508075';
lens.name = 'AC508-075-A';
lens.diam = [ 50.8, 50.8, 50.8 ];
lens.glass = { @ebaf11, @nsf11 };
lens.curv = [ 0.0196850393700787, -0.0239865675221876, -0.0040371417036738 ];
lens.tc = [ 20, 3 ];
lens.conj = [ inf, 60.87127948748];
lens.conjcurv = [ 0, 0];
