function lens = ac5081000
% ZMX/AC508-1000-A.ZMX - AC508-1000-A POSITIVE VISIBLE ACHROMATS: Infinite1000

lens.fn = 'ac5081000';
lens.name = 'AC508-1000-A';
lens.diam = [ 50.8, 50.8, 50.8 ];
lens.glass = { @nbk7, @sf2 };
lens.curv = [ 0.001354096140826, -0.0025119316754584, -0.0009772305286817 ];
lens.tc = [ 4, 2 ];
lens.conj = [ inf, 994.594734549];
lens.conjcurv = [ 0, 0];
