function lens = acn254040b
% ZMX/ACN254-040-B.ZMX - ACN254-040-B NEAR IR NEGATIVE ACHROMATS: Infinite -40

lens.fn = 'acn254040b';
lens.name = 'ACN254-040-B';
lens.diam = [ 25.4, 25.4, 25.4 ];
lens.glass = { @nbaf10, @nsf6ht };
lens.curv = [ -0.0409332787556283, 0.0358937544867193, 0.0030093289196509 ];
lens.tc = [ 2, 4 ];
lens.conj = [ inf, -43.11430316033];
lens.conjcurv = [ 0, 0];
