function lens = acn254075
% ZEMAX/THORLABS/ZMX/ACN254-075-A.ZMX - ACN254-075-A NEGATIVE VISIBLE ACHROMATS: Infinite-75

lens.fn = 'acn254075';
lens.name = 'ACN254-075-A';
lens.diam = [ 25.4, 25.4, 25.4 ];
lens.glass = { @nbak4, @sf5 };
lens.curv = [ -0.0256278831368529, 0.0255297421496043, 0.0020416496529196 ];
lens.tc = [ 2, 4.3 ];
lens.conj = [ inf, -78.68841407035];
lens.conjcurv = [ 0, 0];
