function lens = acn254100
% ZMX/ACN254-100-A.ZMX - ACN254-100-A NEGATIVE VISIBLE ACHROMATS: Infinite-100

lens.fn = 'acn254100';
lens.name = 'ACN254-100-A';
lens.diam = [ 25.4, 25.4, 25.4 ];
lens.glass = { @nbak4, @sf5 };
lens.curv = [ -0.0192307692307692, 0.0200440970134295, 0.0016666666666667 ];
lens.tc = [ 2, 4 ];
lens.conj = [ inf, -103.6113575446];
lens.conjcurv = [ 0, 0];
