function lens = acn254075b
% ZMX/ACN254-075-B.ZMX - ACN254-075-B NEAR IR NEGATIVE ACHROMATS: Infinite -75

lens.fn = 'acn254075b';
lens.name = 'ACN254-075-B';
lens.diam = [ 25.4, 25.4, 25.4 ];
lens.glass = { @nbaf10, @nsf6ht };
lens.curv = [ -0.0269179004037685, 0.021551724137931, -0.0020230629172567 ];
lens.tc = [ 2, 3.8 ];
lens.conj = [ inf, -78.85325616942];
lens.conjcurv = [ 0, 0];
