function lens = lb1092
% ZMX/LB1092-A.ZMX - LB1092 Bi-Convex - N-BK7

lens.fn = 'lb1092';
lens.name = 'LB1092-A';
lens.diam = [ 12.7, 12.7 ];
lens.glass = { @nbk7 };
lens.curv = [ 0.0684931506849315, -0.0684931506849315 ];
lens.tc = [ 4.7 ];
lens.conj = [ inf, 10.76969246568];
lens.conjcurv = [ 0, 0];
