function lens = lb1157
% ZMX/LB1157-A.ZMX - LB1157 Bi-Convex - N-BK7

lens.fn = 'lb1157';
lens.name = 'LB1157-A';
lens.diam = [ 6, 6 ];
lens.glass = { @nbk7 };
lens.curv = [ 0.101317122593718, -0.101317122593718 ];
lens.tc = [ 2.43 ];
lens.conj = [ inf, 8.342624344324];
lens.conjcurv = [ 0, 0];
