function lens = lb1294
% ZMX/LB1294-A.ZMX - LB1294 Bi-Convex - N-BK7

lens.fn = 'lb1294';
lens.name = 'LB1294-A';
lens.diam = [ 25.4, 25.4 ];
lens.glass = { @nbk7 };
lens.curv = [ 0.0055623539882078, -0.0055623539882078 ];
lens.tc = [ 2.9 ];
lens.conj = [ inf, 172.2970756986];
lens.conjcurv = [ 0, 0];
