function lens = lb1247
% ZMX/LB1247-A.ZMX - LB1247 Bi-Convex - N-BK7

lens.fn = 'lb1247';
lens.name = 'LB1247-A';
lens.diam = [ 50.8, 50.8 ];
lens.glass = { @nbk7 };
lens.curv = [ 0.0012954039069382, -0.0012954039069382 ];
lens.tc = [ 3.84 ];
lens.conj = [ inf, 743.958374449];
lens.conjcurv = [ 0, 0];
