function lens = lb1309
% ZEMAX/THORLABS/ZMX/LB1309-A.ZMX - LB1309 Bi-Convex - N-BK7

lens.fn = 'lb1309';
lens.name = 'LB1309-A';
lens.diam = [ 50.8, 50.8 ];
lens.glass = { @nbk7 };
lens.curv = [ 0.0132996409096954, -0.0132996409096954 ];
lens.tc = [ 11.84 ];
lens.conj = [ inf, 62.62561191071];
lens.conjcurv = [ 0, 0];
