function lens = lb1437
% ZMX/LB1437-A.ZMX - LB1437 Bi-Convex - N-BK7

lens.fn = 'lb1437';
lens.name = 'LB1437-A';
lens.diam = [ 25.4, 25.4 ];
lens.glass = { @nbk7 };
lens.curv = [ 0.0064935064935065, -0.0064935064935065 ];
lens.tc = [ 3.05 ];
lens.conj = [ inf, 147.246393712];
lens.conjcurv = [ 0, 0];
