function lens = lb1723
% ZMX/LB1723-A.ZMX - LB1723 Bi-Convex - N-BK7

lens.fn = 'lb1723';
lens.name = 'LB1723-A';
lens.diam = [ 50.8, 50.8 ];
lens.glass = { @nbk7 };
lens.curv = [ 0.0168804861580013, -0.0168804861580013 ];
lens.tc = [ 14.44 ];
lens.conj = [ inf, 44.22187464427];
lens.conjcurv = [ 0, 0];
