function lens = lb1901
% ZMX/LB1901-A.ZMX - LB1901 Bi-Convex - N-BK7

lens.fn = 'lb1901';
lens.name = 'LB1901-A';
lens.diam = [ 25.4, 25.4 ];
lens.glass = { @nbk7 };
lens.curv = [ 0.0130633572828217, -0.0130633572828217 ];
lens.tc = [ 4.12 ];
lens.conj = [ inf, 71.33432416931];
lens.conjcurv = [ 0, 0];
