function lens = lbf254040
% ZEMAX/THORLABS/ZMX/LBF254-040-A.ZMX - LBF254-040 Best Form Lens - N-BK7

lens.fn = 'lbf254040';
lens.name = 'LBF254-040-A';
lens.diam = [ 25.4, 25.4 ];
lens.glass = { @nbk7 };
lens.curv = [ 0.0416319733555371, -0.0074294205052006 ];
lens.tc = [ 6.5 ];
lens.conj = [ inf, 33.894400677];
lens.conjcurv = [ 0, 0];
