function lens = lbf254050
% ZMX/LBF254-050-A.ZMX - LBF254-050 Best Form Lens - N-BK7

lens.fn = 'lbf254050';
lens.name = 'LBF254-050-A';
lens.diam = [ 25.4, 25.4 ];
lens.glass = { @nbk7 };
lens.curv = [ 0.0332667997338656, -0.0058139534883721 ];
lens.tc = [ 6.5 ];
lens.conj = [ inf, 44.45658425444];
lens.conjcurv = [ 0, 0];
