function lens = lbf254200
% ZMX/LBF254-200-A.ZMX - LBF254-200 Best Form Lens - N-BK7

lens.fn = 'lbf254200';
lens.name = 'LBF254-200-A';
lens.diam = [ 25.4, 25.4 ];
lens.glass = { @nbk7 };
lens.curv = [ 0.0082304526748971, -0.0014609203798393 ];
lens.tc = [ 4 ];
lens.conj = [ inf, 196.9051138567];
lens.conjcurv = [ 0, 0];
