function lens = lbf254100
% ZMX/LBF254-100-A.ZMX - LBF254-100 Best Form Lens - N-BK7

lens.fn = 'lbf254100';
lens.name = 'LBF254-100-A';
lens.diam = [ 25.4, 25.4 ];
lens.glass = { @nbk7 };
lens.curv = [ 0.0166611129623459, -0.0028304557033682 ];
lens.tc = [ 4 ];
lens.conj = [ inf, 96.24181656776];
lens.conjcurv = [ 0, 0];
