function lens = ld1613b
% ZMX/LD1613-B.ZMX - LD1613 Bi-Concave - N-BK7

lens.fn = 'ld1613b';
lens.name = 'LD1613-B';
lens.diam = [ 25.4, 25.4 ];
lens.glass = { @nbk7 };
lens.curv = [ -0.0096441315459543, 0.0096441315459543 ];
lens.tc = [ 4 ];
lens.conj = [ inf, -99.35489392792];
lens.conjcurv = [ 0, 0];
