function lens = le1156b
% ZMX/LE1156-B.ZMX - LE1156 - Positive Meniscus - N-BK7

lens.fn = 'le1156b';
lens.name = 'LE1156-B';
lens.diam = [ 25.4, 25.4 ];
lens.glass = { @nbk7 };
lens.curv = [ 0.0246305418719212, 0.009354536950421 ];
lens.tc = [ 3.26 ];
lens.conj = [ inf, 118.6317427702];
lens.conjcurv = [ 0, 0];
