function lens = le1234
% ZMX/LE1234-A.ZMX - LE1234 - Positive Meniscus - N-BK7

lens.fn = 'le1234';
lens.name = 'LE1234-A';
lens.diam = [ 25.4, 25.4 ];
lens.glass = { @nbk7 };
lens.curv = [ 0.0311138767890479, 0.0121610117961814 ];
lens.tc = [ 3.59 ];
lens.conj = [ inf, 92.69473687213];
lens.conjcurv = [ 0, 0];
