function lens = le1418b
% ZMX/LE1418-B.ZMX - LE1418 - Positive Meniscus - N-BK7

lens.fn = 'le1418b';
lens.name = 'LE1418-B';
lens.diam = [ 50.8, 50.8 ];
lens.glass = { @nbk7 };
lens.curv = [ 0.0208899101733863, 0.0083808246731478 ];
lens.tc = [ 7.29 ];
lens.conj = [ inf, 133.2169478243];
lens.conjcurv = [ 0, 0];
