function lens = le1613b
% ZMX/LE1613-B.ZMX - LE1613 - Positive Meniscus - N-BK7

lens.fn = 'le1613b';
lens.name = 'LE1613-B';
lens.diam = [ 50.8, 50.8 ];
lens.glass = { @nbk7 };
lens.curv = [ 0.0121153380179307, 0.0044509725374994 ];
lens.tc = [ 5.53 ];
lens.conj = [ inf, 238.6135817912];
lens.conjcurv = [ 0, 0];
